00001111001111111100000011000011
00011011011001100100001001110010
10011101011101000110000001110101
00001111001111000000001100110000
11110000110000110011000000000000
00111100111111111111000000111100
00001100000011111100000011001111
00000011110011110000000011110011
11110011000000000011110011000011
01100110100001111100101110000000
00000000111100110000001100000011
00111111001111110011000000110011
00001111001100001111001111001100
10001100011101000011111001000010
11111111001111000000000011000000
11001100001111001100001100111100
11111111111100110011001111110011
01000001101011111101110000101001
10010111110100010010010000111101
11111111110011001100001111111100
00001100001111000000110011111100
11111111000011000011000011000011
00001100000000110011000011111100
00111100111111000000111111110000
11001011101011010100000011000001
00000000110000110011000011111100
11111111110000001111110011000000
10011110100101100000101110100011
11111111110000110000001111000011
00000011001111111100000011110011
11001111000011110011111111111111
00000000111100001100000011111100
11100100100010111100110110011101
11000000110011110011110000111111
00110011111111001111111100110011
11111100000000110011000000110011
11111111110000000011001100000011
11001111111100111100110000111100
11000000001100001100001111111100
00000000110011110011110000000000
11001100110000000011001111110000
10100111001111110000101010110011
00110000111100110000111100000011
11111100000000111100111111001100
11110000000011111111110011110011
00111111110011110011001111111111
01101000000111110011011010001011
11110011111100111100111111111100
00111100001100001111000011111100
00101101110110001000011111101011
11000011001111000000001100111100
11001111001111001111001100000000
11111100000000001100001111110000
11110011001111111100111111110011
11001100001111110011000011111111
11000001110001011001010100111101
00110000001111110011110000001111
11111111000000110000110011001100
11001100110011000011000000110011
10010001101110111010101010011110
11000011001111001100110011001111
11010100111001011001110010110101
00000011000011011110101100001101
00001111111111000000111100000011
00010101001100111000000110010111
00000000000000001111110011000000
11000000111111001100110011111111
11001111111100110011111111000000
11000000001111111100110011111111
11000111010111101111011101111010
00001100000000000000110011111100
11111100111100000011001100110011
11000011110000001100000000000011
00011111010011010011000011000001
10010100000000011000001111010110
00110000000011110000001100001100
11000011111100110000111100000011
