11000000000000110000111100111111
11110100001011111100011100011100
00110011000011000011001100000000
01001010111101101101000011010010
11111111110011000000110000000011
11111111000011000011110000110000
01011101000110101111110001101001
11111111111100110000000011110011
11000000001100110000001111001111
00001100001100000000001111000000
00000011001111110000001111000000
01111100101101011010010000000100
11000011000011111100111111000000
00000011001100111111111111001100
00111111001111000000110000000011
01110101101000111100111010101111
00111100000011110000110011111100
11110011010111001111010100000000
00011010001010100100111001110100
11111111110011110000001111111111
00000000111100000000111111000011
00110000001111111100110011000011
11011100011111010010010001010001
00001111000000110000001111001100
00000000110000110011111100001111
11000011110000111100111100001111
11111100110000110011110011111111
11001100110100110011101100011000
11100010100111000110011011000000
11000011000000110000000000111111
00001100110000000011111111000011
00110011111111000011110000110000
00111100111111111111111111110011
11111111110011000000001100110011
